%YAML:1.0
---
calibration_time: "Wed Dec  6 15:10:49 2023"
camera_name: TRI028S-CC
frame_width: 1936
frame_height: 1464
reprojection_error: 4.8016944527626038e-01
camera_matrix: !!opencv-matrix
   rows: 3
   cols: 3
   dt: d
   data: [ 2.8669527693619584e+03, 0., 9.6750000000000000e+02, 0.,
       2.8669527693619584e+03, 7.3150000000000000e+02, 0., 0., 1. ]
distortion_coefficients: !!opencv-matrix
   rows: 1
   cols: 5
   dt: d
   data: [ -1.4410952094270868e-01, -3.4217755382506215e-01, 0., 0., 0. ]
rotation_vector:
   - !!opencv-matrix
      rows: 3
      cols: 1
      dt: d
      data: [ -2.0774976091515903e-02, 4.2759288837891991e-02,
          1.5452919098416646e+00 ]
   - !!opencv-matrix
      rows: 3
      cols: 1
      dt: d
      data: [ -1.0421470962142659e-01, -1.8833023007395289e-01,
          1.2805832042395746e-02 ]
   - !!opencv-matrix
      rows: 3
      cols: 1
      dt: d
      data: [ 2.9428479738749935e-01, 2.5410157548762530e-01,
          1.5381631913113936e+00 ]
   - !!opencv-matrix
      rows: 3
      cols: 1
      dt: d
      data: [ -9.2719331301640024e-03, 1.3970349697881723e-01,
          3.1213959218478413e+00 ]
   - !!opencv-matrix
      rows: 3
      cols: 1
      dt: d
      data: [ -8.1522602869958971e-01, -1.5244584980766650e-02,
          -2.9651868168084561e+00 ]
   - !!opencv-matrix
      rows: 3
      cols: 1
      dt: d
      data: [ -2.7550441493397509e-01, -4.3313124587212165e-01,
          1.4692256327483593e+00 ]
   - !!opencv-matrix
      rows: 3
      cols: 1
      dt: d
      data: [ 4.9951664435951816e-02, 2.4519114225147839e-01,
          1.5252261236793021e+00 ]
   - !!opencv-matrix
      rows: 3
      cols: 1
      dt: d
      data: [ 1.6073024584824405e-03, 6.9135839424664849e-02,
          1.5286265949484956e+00 ]
   - !!opencv-matrix
      rows: 3
      cols: 1
      dt: d
      data: [ -1.2078610867650305e-03, 4.2096562278618771e-02,
          -8.2504849716187004e-04 ]
   - !!opencv-matrix
      rows: 3
      cols: 1
      dt: d
      data: [ -1.2730923281156209e-01, 1.2672561131619259e-01,
          1.5430629714974746e+00 ]
   - !!opencv-matrix
      rows: 3
      cols: 1
      dt: d
      data: [ -2.8627474409163589e-01, -4.6165965295435296e-01,
          1.4562173071107147e+00 ]
   - !!opencv-matrix
      rows: 3
      cols: 1
      dt: d
      data: [ 3.3860138901027520e-01, 3.0600147207662320e-01,
          1.5669719747418074e+00 ]
   - !!opencv-matrix
      rows: 3
      cols: 1
      dt: d
      data: [ -2.7408688456271160e-02, 1.3717844467062850e-02,
          -8.5440923593817809e-03 ]
   - !!opencv-matrix
      rows: 3
      cols: 1
      dt: d
      data: [ -4.2524276956921236e-02, 1.3368353370709535e-01,
          1.5444800214174150e+00 ]
   - !!opencv-matrix
      rows: 3
      cols: 1
      dt: d
      data: [ -1.2266818067516234e-01, 3.3256004083895868e-02,
          -7.9941625997729769e-03 ]
translation_vector:
   - !!opencv-matrix
      rows: 3
      cols: 1
      dt: d
      data: [ 3.6501001046989674e+00, -7.7764614342625986e+00,
          4.1219804083570338e+01 ]
   - !!opencv-matrix
      rows: 3
      cols: 1
      dt: d
      data: [ 1.5100376430495950e+00, -7.3547829601115149e+00,
          3.8518369135421807e+01 ]
   - !!opencv-matrix
      rows: 3
      cols: 1
      dt: d
      data: [ 5.3222182730989882e+00, -7.2155522216960026e+00,
          3.7653394959936328e+01 ]
   - !!opencv-matrix
      rows: 3
      cols: 1
      dt: d
      data: [ 4.7863150637727223e+00, 1.2350986926212357e+00,
          3.9512092663361173e+01 ]
   - !!opencv-matrix
      rows: 3
      cols: 1
      dt: d
      data: [ 9.1847573774320797e+00, 1.3450610021725264e+00,
          3.7517647289993981e+01 ]
   - !!opencv-matrix
      rows: 3
      cols: 1
      dt: d
      data: [ -3.6716544069071273e+00, -7.6134340038834587e+00,
          4.2827217692295299e+01 ]
   - !!opencv-matrix
      rows: 3
      cols: 1
      dt: d
      data: [ 1.6733755291650551e-01, -7.3828455741377121e+00,
          4.4565260637805387e+01 ]
   - !!opencv-matrix
      rows: 3
      cols: 1
      dt: d
      data: [ -2.9011034452894489e+00, -7.7187061791619866e+00,
          4.2233726851226045e+01 ]
   - !!opencv-matrix
      rows: 3
      cols: 1
      dt: d
      data: [ 3.0522094644082394e+00, -7.0798150289227575e+00,
          3.9610796943727514e+01 ]
   - !!opencv-matrix
      rows: 3
      cols: 1
      dt: d
      data: [ 3.9302368441544138e+00, -7.2978038717036346e+00,
          4.2750638488844572e+01 ]
   - !!opencv-matrix
      rows: 3
      cols: 1
      dt: d
      data: [ -3.3984694724205946e+00, -7.1020115947835905e+00,
          4.0514131042974988e+01 ]
   - !!opencv-matrix
      rows: 3
      cols: 1
      dt: d
      data: [ 1.2247798671305322e+01, -5.5840106817365811e+00,
          4.1864570311624867e+01 ]
   - !!opencv-matrix
      rows: 3
      cols: 1
      dt: d
      data: [ -1.2661700680174164e+00, -8.0702991149212160e+00,
          4.6442278152033040e+01 ]
   - !!opencv-matrix
      rows: 3
      cols: 1
      dt: d
      data: [ -6.5487776921069341e-01, -6.8961372287039353e+00,
          4.5563580688921178e+01 ]
   - !!opencv-matrix
      rows: 3
      cols: 1
      dt: d
      data: [ -4.0387037376065837e+00, -6.4264858996427288e+00,
          4.3307639798994650e+01 ]
