%YAML:1.0
---
calibration_time: "Wed Dec 13 10:14:16 2023"
camera_name: TRI028S-CC
frame_width: 1280
frame_height: 720
reprojection_error: 8.3817195892333984e-01
camera_matrix: !!opencv-matrix
   rows: 3
   cols: 3
   dt: d
   data: [ 2.9722353521587120e+03, 0., 6.3950000000000000e+02, 0.,
       2.9722353521587120e+03, 3.5950000000000000e+02, 0., 0., 1. ]
distortion_coefficients: !!opencv-matrix
   rows: 1
   cols: 5
   dt: d
   data: [ -1.6652509493273235e-01, 9.7738779215728377e-01, 0., 0., 0. ]
rotation_vector:
   - !!opencv-matrix
      rows: 3
      cols: 1
      dt: d
      data: [ -1.2368903600728975e-01, 1.2869211826665333e-01,
          3.1186723021125085e+00 ]
   - !!opencv-matrix
      rows: 3
      cols: 1
      dt: d
      data: [ 1.7596659860195685e-01, 3.0262419714913180e-01,
          1.5440354327963153e+00 ]
   - !!opencv-matrix
      rows: 3
      cols: 1
      dt: d
      data: [ -1.4730924744997123e-01, 1.7455471719764296e-01,
          3.1127839358635812e+00 ]
   - !!opencv-matrix
      rows: 3
      cols: 1
      dt: d
      data: [ -9.7791866182789969e-02, -7.5724791034912156e-02,
          -1.0414537439476795e-02 ]
   - !!opencv-matrix
      rows: 3
      cols: 1
      dt: d
      data: [ -2.9949578386422243e-01, -1.2297309736685153e-02,
          -1.6593447554448301e-02 ]
   - !!opencv-matrix
      rows: 3
      cols: 1
      dt: d
      data: [ 3.2860139853720112e-02, 2.9416769101550361e-01,
          1.5635955569540203e+00 ]
   - !!opencv-matrix
      rows: 3
      cols: 1
      dt: d
      data: [ -9.8067746561732644e-02, -5.5291684245200985e-02,
          -9.2564648870348924e-03 ]
   - !!opencv-matrix
      rows: 3
      cols: 1
      dt: d
      data: [ -7.4248394193936904e-02, 8.5385882020165171e-02,
          1.5467678100540574e+00 ]
   - !!opencv-matrix
      rows: 3
      cols: 1
      dt: d
      data: [ 3.5403450214119489e-02, 1.0984364314155352e-01,
          3.1330583171521917e+00 ]
   - !!opencv-matrix
      rows: 3
      cols: 1
      dt: d
      data: [ -4.9649845924695018e-03, -1.8909401197667602e-01,
          -1.2675227063962674e-02 ]
translation_vector:
   - !!opencv-matrix
      rows: 3
      cols: 1
      dt: d
      data: [ 3.4292915729432822e+00, 3.3617761488419089e+00,
          3.5029095502620137e+01 ]
   - !!opencv-matrix
      rows: 3
      cols: 1
      dt: d
      data: [ 7.3653590089789045e+00, -4.6644065201757439e+00,
          4.0722371713918839e+01 ]
   - !!opencv-matrix
      rows: 3
      cols: 1
      dt: d
      data: [ 6.0812153724092397e+00, 3.3669242660015497e+00,
          3.5083019678947622e+01 ]
   - !!opencv-matrix
      rows: 3
      cols: 1
      dt: d
      data: [ -7.2378617900083455e+00, -4.5209318797185709e+00,
          4.4672952619866372e+01 ]
   - !!opencv-matrix
      rows: 3
      cols: 1
      dt: d
      data: [ -3.5572387078492276e+00, -4.2734399322118710e+00,
          4.4993199466980975e+01 ]
   - !!opencv-matrix
      rows: 3
      cols: 1
      dt: d
      data: [ 6.2201269746440033e+00, -4.6214244470162971e+00,
          4.3810741063756858e+01 ]
   - !!opencv-matrix
      rows: 3
      cols: 1
      dt: d
      data: [ -4.1897359278103208e+00, -4.4860908690218420e+00,
          4.4387146431090194e+01 ]
   - !!opencv-matrix
      rows: 3
      cols: 1
      dt: d
      data: [ 3.9993438388903080e+00, -4.5961193239296838e+00,
          4.4647696155199206e+01 ]
   - !!opencv-matrix
      rows: 3
      cols: 1
      dt: d
      data: [ 2.9297389905003643e+00, 3.4638000148027812e+00,
          3.6837362049213347e+01 ]
   - !!opencv-matrix
      rows: 3
      cols: 1
      dt: d
      data: [ -2.0329103779906386e+00, -4.5131553908621873e+00,
          3.8818311565563775e+01 ]
